Pubmed:
0.7649999856948853    0.7559999823570251
0.7509999871253967    0.7409999966621399
0.7559999823570251    0.7419999837875366
0.7450000047683716    0.7480000257492065
0.7580000162124634    0.7620000243186951
Citeseer:
0.6571428775787354    0.618719220161438  0.5389162302017212
0.6610837578773499    0.5349753499031067 0.5586206912994385
Cora
0.7570000290870667   0.7979999780654907
0.765999972820282    0.7860000133514404

Cora: 
Old model
0.5070000290870667
0.6460000276565552
0.7200000286102295
0.7630000114440918
0.7749999761581421
0.781000018119812
0.7789999842643738
0.781000018119812
0.7829999923706055
0.777999997138977
New Model 
0.7319999933242798
0.7300000190734863
0.7630000114440918
0.7789999842643738
0.7710000276565552
0.7760000228881836
0.7639999985694885
0.7620000243186951
0.7680000066757202
0.7689999938011169
sampling + new model:
0.7070000171661377
0.746999979019165
0.7509999871253967
0.7590000033378601
0.765999972820282
0.7620000243186951
0.7540000081062317
0.7559999823570251
0.7559999823570251
0.7649999856948853
Pubmed:
0.7170000076293945
0.7400000095367432
0.7590000033378601
0.7580000162124634
0.7559999823570251
0.7570000290870667
0.7549999952316284
0.7519999742507935
0.7450000047683716
0.7580000162124634
New:
0.7609999775886536
0.7670000195503235
0.7770000100135803
0.7649999856948853
0.7730000019073486
0.7599999904632568
0.7590000033378601
0.7519999742507935
0.7649999856948853
0.7580000162124634
sampling+attention:
0.7229999899864197
0.7260000109672546
0.7450000047683716
0.7689999938011169
0.7459999918937683
0.7519999742507935
0.7549999952316284
0.7419999837875366
0.7350000143051147
0.7369999885559082